46 46 1 54
1  11 3  3  4  5  9  4  9  4  5  3  8  4  4  5  3  5  4  4  5  3  9  3  4  5  3  8  3  4  5  3  5  3  4  5  9  8  4  4  5  3  9  8  4  5  
2  2  8  3  4  14 10 4  8  4  5  3  3  3  4  5  5  5  4  4  4  3  2  3  4  4  3  2  20 4  4  3  3  3  4  5  9  4  4  4  5  9  4  4  4  5  
3  19 9  4  15 4  7  14 8  4  19 19 3  3  4  5  3  3  4  4  4  2  2  16 4  4  3  3  25 3  5  3  8  3  4  12 10 5  13 4  5  9  3  8  4  5  
4  11 8  4  4  4  4  4  8  8  4  18 3  3  4  5  5  3  3  4  4  2  2  16 3  4  3  2  20 4  5  8  3  3  4  4  7  3  8  3  7  8  4  9  4  5  
5  4  24 4  4  5  4  10 16 8  4  9  3  3  4  4  3  3  4  3  5  3  2  5  3  4  3  10 25 7  25 4  8  4  4  4  19 3  8  3  7  4  3  3  4  5  
6  4  11 6  4  4  10 4  8  7  4  3  3  3  4  4  3  3  4  3  4  3  2  30 5  4  3  9  5  7  4  3  8  4  4  4  15 3  10 4  16 15 3  9  4  5  
7  10 8  4  4  5  3  9  3  14 4  3  5  3  4  4  4  2  3  4  5  2  20 40 14 14 5  11 5  17 5  4  8  3  5  4  9  4  19 5  5  3  3  3  4  5  
8  6  8  6  4  4  2  2  15 4  4  2  4  3  4  4  2  2  3  3  4  3  40 41 40 14 12 4  5  4  4  3  3  10 4  14 10 4  4  5  5  9  11 4  4  5  
8  6  5  14 4  4  3  3  8  3  4  2  2  5  4  4  2  2  3  3  20 35 41 36 40 13 9  9  5  25 4  4  7  3  4  5  4  10 4  10 5  6  3  3  4  5  
9  11 9  13 4  5  3  2  3  4  4  3  3  3  4  4  2  2  3  19 35 40 25 38 42 40 31 6  31 14 7  3  3  5  4  4  4  10 4  4  5  6  6  7  4  5  
2  10 9  6  4  4  5  3  3  4  4  2  2  4  3  5  2  2  20 32 36 33 39 17 38 37 43 37 14 32 25 9  3  4  4  5  5  3  3  4  5  11 6  3  4  5  
3  11 4  8  4  4  3  9  3  4  6  7  3  3  3  4  2  2  24 47 45 43 26 25 42 38 42 38 37 14 8  16 3  3  4  5  4  4  5  10 5  3  4  3  4  5  
3  2  8  4  4  4  4  3  4  4  4  3  3  3  3  4  3  23 22 38 43 20 25 35 40 28 38 37 38 38 36 32 10 4  4  4  3  3  3  10 5  4  9  4  4  5  
4  17 15 17 16 15 15 15 14 13 13 13 15 19 27 36 38 45 48 48 48 43 41 38 35 34 33 32 31 28 26 27 26 21 12 9  8  6  15 5  6  3  9  3  8  5  
5  4  16 5  6  5  5  4  4  4  4  4  3  4  8  15 34 46 42 42 43 30 41 39 39 33 40 43 41 41 36 20 8  9  5  6  4  9  9  4  5  6  12 4  4  5  
6  10 9  6  6  6  9  4  5  4  5  4  4  6  14 28 39 48 39 48 41 44 39 40 42 42 44 42 32 39 39 35 21 9  7  4  4  3  4  4  12 4  4  4  4  5  
7  4  5  7  8  5  8  8  7  4  5  14 2  17 30 47 44 46 42 42 42 42 43 44 34 50 42 45 44 41 40 41 32 11 13 28 10 3  5  4  5  5  7  6  4  5  
8  8  7  7  5  5  7  4  7  4  5  3  16 36 45 41 45 42 47 36 43 43 34 44 44 45 43 40 40 40 23 24 41 38 24 14 9  3  4  4  5  9  4  6  4  5  
9  5  10 5  8  8  6  8  7  5  5  7  30 45 44 47 46 46 46 47 43 46 49 46 49 48 44 45 23 21 24 40 39 40 32 25 13 3  7  4  5  7  5  7  4  5  
10 10 4  6  3  5  8  5  5  4  16 29 39 45 47 39 47 43 44 37 42 44 49 43 45 41 45 43 47 36 23 41 41 39 42 34 20 14 4  8  5  6  5  7  4  5  
9  6  22 5  6  6  10 14 10 11 26 46 40 44 40 45 41 46 42 48 38 38 42 50 49 46 44 42 24 35 38 28 29 37 27 18 9  5  4  5  5  7  7  7  4  5  
3  10 8  9  4  5  5  5  13 37 44 45 46 45 46 43 40 47 48 45 47 49 42 44 42 46 46 40 25 37 25 39 39 39 39 36 29 20 12 5  5  11 5  5  6  5  
4  20 19 24 24 30 35 28 35 27 32 34 36 37 36 38 41 42 54 52 54 42 42 42 45 39 38 30 30 28 25 31 29 29 24 18 18 18 13 5  6  12 5  7  4  5  
4  3  10 10 10 11 13 34 42 43 46 44 46 42 36 47 42 49 48 52 53 54 38 40 46 45 46 46 28 25 43 45 44 45 38 38 41 27 41 39 16 12 5  7  4  5  
5  10 5  24 26 31 39 40 40 34 44 44 44 41 45 44 41 42 47 43 48 47 48 46 47 40 46 17 21 42 31 46 40 40 25 41 42 37 38 37 12 9  8  7  4  5  
6  10 10 4  5  4  14 31 43 42 46 41 43 44 36 47 47 52 48 52 34 48 42 49 39 48 48 47 23 23 39 45 44 42 45 33 42 41 44 32 11 13 4  7  4  5  
7  11 8  8  4  5  4  24 31 42 42 33 45 48 41 46 46 32 49 46 44 48 48 48 44 42 43 40 42 18 18 46 40 46 33 42 42 43 36 23 14 4  8  4  4  5  
8  5  7  4  4  5  16 3  21 32 44 46 48 44 48 40 42 47 28 47 35 47 44 47 44 47 44 42 43 22 36 14 45 44 42 44 43 33 22 4  5  11 4  5  4  5  
10 8  5  8  4  5  4  9  7  14 38 46 44 45 44 46 46 33 30 52 48 47 39 48 43 48 34 26 41 18 19 37 19 42 41 44 40 23 14 3  5  3  7  6  4  5  
9  5  7  5  4  5  4  4  6  10 23 41 48 44 48 45 26 47 39 46 47 46 47 38 48 48 48 48 41 40 35 22 20 44 45 33 23 13 5  4  5  4  7  4  4  5  
2  17 25 26 25 17 18 20 26 35 44 45 44 34 39 45 39 47 51 51 48 48 40 49 47 48 48 47 30 28 24 26 24 34 20 19 5  5  4  4  5  3  7  3  7  5  
3  3  26 6  4  5  4  12 4  4  15 22 32 45 44 40 44 46 37 46 49 41 43 45 44 48 41 48 35 43 41 21 18 32 28 14 10 3  3  14 14 13 3  7  4  5  
3  6  4  6  7  10 7  9  4  5  4  11 20 34 45 42 43 41 42 48 41 45 41 48 49 41 47 44 45 40 36 38 10 7  6  5  4  4  4  4  5  2  3  4  4  5  
4  6  5  6  4  15 4  3  8  4  5  8  3  22 32 45 44 40 42 43 43 42 44 42 44 42 44 44 41 28 39 38 35 23 15 5  10 4  3  4  14 16 3  4  4  5  
5  6  8  4  14 15 3  15 3  4  4  4  4  4  13 25 36 44 41 46 26 45 36 41 36 35 42 33 33 24 16 10 4  4  4  5  9  8  13 4  4  10 7  3  4  5  
6  5  9  6  5  8  8  3  7  4  5  4  9  4  4  4  15 48 45 46 26 29 28 40 25 41 24 28 25 37 34 22 12 4  4  5  4  9  4  5  6  4  6  8  4  5  
7  7  5  6  5  4  4  4  3  4  5  6  4  7  5  4  20 29 44 46 26 41 32 35 39 39 40 21 34 27 6  7  3  4  4  5  10 4  7  5  5  6  4  7  4  5  
8  5  6  4  5  10 3  9  5  4  5  4  7  7  4  5  4  20 31 42 39 39 40 26 25 41 37 45 32 25 12 12 3  4  4  5  4  7  6  4  5  6  7  4  4  5  
8  4  9  9  5  5  4  10 4  4  5  7  7  4  5  4  6  4  10 19 43 42 42 43 42 42 42 33 9  4  4  10 3  4  4  4  12 4  7  4  5  6  5  15 4  5  
9  3  9  5  4  5  9  3  4  4  5  12 11 7  4  5  4  3  14 23 34 39 42 31 41 41 40 21 12 4  5  3  3  18 3  6  10 4  7  4  5  10 11 4  4  5  
2  3  10 4  23 5  4  10 5  5  4  5  11 4  4  4  6  3  3  4  25 41 42 42 43 33 21 3  4  4  5  3  3  4  10 18 12 6  5  4  11 4  10 4  4  5  
3  6  3  9  20 5  11 10 6  4  17 15 15 4  4  5  4  3  14 4  5  23 41 44 34 15 4  4  7  4  5  6  3  4  3  6  10 3  5  4  5  8  3  7  4  5  
3  5  3  5  4  18 23 5  5  5  5  4  11 4  4  5  3  3  3  4  5  14 22 43 42 39 16 3  7  4  5  10 3  4  18 6  11 9  7  4  5  4  8  4  4  5  
4  3  3  9  4  5  11 8  5  4  5  4  9  5  7  5  6  3  4  4  5  4  12 38 33 40 10 9  7  4  5  11 4  17 6  5  10 5  12 4  5  9  4  9  4  5  
5  3  6  4  4  9  10 3  3  9  5  4  6  4  4  5  3  7  3  5  5  4  24 39 37 15 4  4  7  4  5  12 6  6  5  5  11 9  7  4  5  4  8  4  4  5  
6  7  3  6  4  5  3  2  8  4  5  9  4  6  4  5  8  8  6  4  5  11 4  7  4  31 4  9  4  4  5  3  11 6  5  5  8  3  3  4  5  8  4  7  4  5  
