46 46 0 54
0  0  0  0  0  0  0  0  0  0  0  0  0  0  0  0  0  0  0  0  0  0  0  0  0  0  0  0  0  0  0  0  0  0  0  0  0  0  0  0  0  0  0  0  0  0  
0  0  0  0  0  0  0  0  0  0  0  0  0  0  0  0  0  0  0  0  0  0  0  0  0  0  0  0  0  0  0  0  0  0  0  0  0  0  0  0  0  0  0  0  0  0  
0  0  0  0  0  0  0  0  0  0  0  0  0  0  0  0  0  0  0  0  0  0  0  0  0  0  0  0  0  0  0  0  0  0  0  0  0  0  0  0  0  0  0  0  0  0  
0  0  0  0  0  0  0  0  0  0  0  0  0  0  0  0  0  0  0  0  0  0  0  0  0  0  0  0  0  0  0  0  0  0  0  0  0  0  0  0  0  0  0  0  0  0  
0  0  0  0  0  0  0  0  0  0  0  0  0  0  0  0  0  0  0  0  0  0  0  0  0  0  0  0  0  0  0  0  0  0  0  0  0  0  0  0  0  0  0  0  0  0  
0  0  0  0  0  0  0  0  0  0  0  0  0  0  0  0  0  0  0  0  0  0  0  30 0  0  0  0  0  0  0  0  0  0  0  0  0  0  0  0  0  0  0  0  0  0  
0  0  0  0  0  0  0  0  0  0  0  0  0  0  0  0  0  0  0  0  0  0  0  40 0  0  0  0  0  0  0  0  0  0  0  0  0  0  0  0  0  0  0  0  0  0  
0  0  0  0  0  0  0  0  0  0  0  0  0  0  0  0  0  0  0  0  0  0  40 41 40 0  0  0  0  0  0  0  0  0  0  0  0  0  0  0  0  0  0  0  0  0  
0  0  0  0  0  0  0  0  0  0  0  0  0  0  0  0  0  0  0  0  0  35 41 36 40 0  0  0  0  0  0  0  0  0  0  0  0  0  0  0  0  0  0  0  0  0  
0  0  0  0  0  0  0  0  0  0  0  0  0  0  0  0  0  0  0  0  35 40 0  38 42 40 31 0  31 0  0  0  0  0  0  0  0  0  0  0  0  0  0  0  0  0  
0  0  0  0  0  0  0  0  0  0  0  0  0  0  0  0  0  0  0  32 36 33 39 0  38 37 43 37 0  32 0  0  0  0  0  0  0  0  0  0  0  0  0  0  0  0  
0  0  0  0  0  0  0  0  0  0  0  0  0  0  0  0  0  0  0  47 45 43 0  0  42 38 42 38 37 0  0  0  0  0  0  0  0  0  0  0  0  0  0  0  0  0  
0  0  0  0  0  0  0  0  0  0  0  0  0  0  0  0  0  0  0  38 43 0  0  35 40 0  38 37 38 38 36 32 0  0  0  0  0  0  0  0  0  0  0  0  0  0  
0  0  0  0  0  0  0  0  0  0  0  0  0  0  0  36 38 45 48 48 48 43 41 38 35 34 33 32 31 0  0  0  0  0  0  0  0  0  0  0  0  0  0  0  0  0  
0  0  0  0  0  0  0  0  0  0  0  0  0  0  0  0  34 46 42 42 43 30 41 39 39 33 40 43 41 41 36 0  0  0  0  0  0  0  0  0  0  0  0  0  0  0  
0  0  0  0  0  0  0  0  0  0  0  0  0  0  0  0  39 48 39 48 41 44 39 40 42 42 44 42 32 39 39 35 0  0  0  0  0  0  0  0  0  0  0  0  0  0  
0  0  0  0  0  0  0  0  0  0  0  0  0  0  30 47 44 46 42 42 42 42 43 44 34 50 42 45 44 41 40 41 32 0  0  0  0  0  0  0  0  0  0  0  0  0  
0  0  0  0  0  0  0  0  0  0  0  0  0  36 45 41 45 42 47 36 43 43 34 44 44 45 43 40 40 40 0  0  41 38 0  0  0  0  0  0  0  0  0  0  0  0  
0  0  0  0  0  0  0  0  0  0  0  0  30 45 44 47 46 46 46 47 43 46 49 46 49 48 44 45 0  0  0  40 39 40 32 0  0  0  0  0  0  0  0  0  0  0  
0  0  0  0  0  0  0  0  0  0  0  0  39 45 47 39 47 43 44 37 42 44 49 43 45 41 45 43 47 36 0  41 41 39 42 34 0  0  0  0  0  0  0  0  0  0  
0  0  0  0  0  0  0  0  0  0  0  46 40 44 40 45 41 46 42 48 38 38 42 50 49 46 44 42 0  35 38 0  0  37 0  0  0  0  0  0  0  0  0  0  0  0  
0  0  0  0  0  0  0  0  0  37 44 45 46 45 46 43 40 47 48 45 47 49 42 44 42 46 46 40 0  37 0  39 39 39 39 36 0  0  0  0  0  0  0  0  0  0  
0  0  0  0  0  30 35 0  35 0  32 34 36 37 36 38 41 42 54 52 54 42 42 42 45 39 38 30 30 0  0  31 0  0  0  0  0  0  0  0  0  0  0  0  0  0  
0  0  0  0  0  0  0  34 42 43 46 44 46 42 36 47 42 49 48 52 53 54 38 40 46 45 46 46 0  0  43 45 44 45 38 38 41 0  41 39 0  0  0  0  0  0  
0  0  0  0  0  31 39 40 40 34 44 44 44 41 45 44 41 42 47 43 48 47 48 46 47 40 46 0  0  42 31 46 40 40 0  41 42 37 38 37 0  0  0  0  0  0  
0  0  0  0  0  0  0  31 43 42 46 41 43 44 36 47 47 52 48 52 34 48 42 49 39 48 48 47 0  0  39 45 44 42 45 33 42 41 44 32 0  0  0  0  0  0  
0  0  0  0  0  0  0  0  31 42 42 33 45 48 41 46 46 32 49 46 44 48 48 48 44 42 43 40 42 0  0  46 40 46 33 42 42 43 36 0  0  0  0  0  0  0  
0  0  0  0  0  0  0  0  0  32 44 46 48 44 48 40 42 47 0  47 35 47 44 47 44 47 44 42 43 0  36 0  45 44 42 44 43 33 0  0  0  0  0  0  0  0  
0  0  0  0  0  0  0  0  0  0  38 46 44 45 44 46 46 33 30 52 48 47 39 48 43 48 34 0  41 0  0  37 0  42 41 44 40 0  0  0  0  0  0  0  0  0  
0  0  0  0  0  0  0  0  0  0  0  41 48 44 48 45 0  47 39 46 47 46 47 38 48 48 48 48 41 40 35 0  0  44 45 33 0  0  0  0  0  0  0  0  0  0  
0  0  0  0  0  0  0  0  0  35 44 45 44 34 39 45 39 47 51 51 48 48 40 49 47 48 48 47 30 0  0  0  0  34 0  0  0  0  0  0  0  0  0  0  0  0  
0  0  0  0  0  0  0  0  0  0  0  0  32 45 44 40 44 46 37 46 49 41 43 45 44 48 41 48 35 43 41 0  0  32 0  0  0  0  0  0  0  0  0  0  0  0  
0  0  0  0  0  0  0  0  0  0  0  0  0  34 45 42 43 41 42 48 41 45 41 48 49 41 47 44 45 40 36 38 0  0  0  0  0  0  0  0  0  0  0  0  0  0  
0  0  0  0  0  0  0  0  0  0  0  0  0  0  32 45 44 40 42 43 43 42 44 42 44 42 44 44 41 0  39 38 35 0  0  0  0  0  0  0  0  0  0  0  0  0  
0  0  0  0  0  0  0  0  0  0  0  0  0  0  0  0  36 44 41 46 0  45 36 41 36 35 42 33 33 0  0  0  0  0  0  0  0  0  0  0  0  0  0  0  0  0  
0  0  0  0  0  0  0  0  0  0  0  0  0  0  0  0  0  48 45 46 0  0  0  40 0  41 0  0  0  37 34 0  0  0  0  0  0  0  0  0  0  0  0  0  0  0  
0  0  0  0  0  0  0  0  0  0  0  0  0  0  0  0  0  0  44 46 0  41 32 35 39 39 40 0  34 0  0  0  0  0  0  0  0  0  0  0  0  0  0  0  0  0  
0  0  0  0  0  0  0  0  0  0  0  0  0  0  0  0  0  0  31 42 39 39 40 0  0  41 37 45 32 0  0  0  0  0  0  0  0  0  0  0  0  0  0  0  0  0  
0  0  0  0  0  0  0  0  0  0  0  0  0  0  0  0  0  0  0  0  43 42 42 43 42 42 42 33 0  0  0  0  0  0  0  0  0  0  0  0  0  0  0  0  0  0  
0  0  0  0  0  0  0  0  0  0  0  0  0  0  0  0  0  0  0  0  34 39 42 31 41 41 40 0  0  0  0  0  0  0  0  0  0  0  0  0  0  0  0  0  0  0  
0  0  0  0  0  0  0  0  0  0  0  0  0  0  0  0  0  0  0  0  0  41 42 42 43 33 0  0  0  0  0  0  0  0  0  0  0  0  0  0  0  0  0  0  0  0  
0  0  0  0  0  0  0  0  0  0  0  0  0  0  0  0  0  0  0  0  0  0  41 44 34 0  0  0  0  0  0  0  0  0  0  0  0  0  0  0  0  0  0  0  0  0  
0  0  0  0  0  0  0  0  0  0  0  0  0  0  0  0  0  0  0  0  0  0  0  43 42 39 0  0  0  0  0  0  0  0  0  0  0  0  0  0  0  0  0  0  0  0  
0  0  0  0  0  0  0  0  0  0  0  0  0  0  0  0  0  0  0  0  0  0  0  38 33 40 0  0  0  0  0  0  0  0  0  0  0  0  0  0  0  0  0  0  0  0  
0  0  0  0  0  0  0  0  0  0  0  0  0  0  0  0  0  0  0  0  0  0  0  39 37 0  0  0  0  0  0  0  0  0  0  0  0  0  0  0  0  0  0  0  0  0  
0  0  0  0  0  0  0  0  0  0  0  0  0  0  0  0  0  0  0  0  0  0  0  0  0  31 0  0  0  0  0  0  0  0  0  0  0  0  0  0  0  0  0  0  0  0  
